9 1 7 6 3 2 4 5 8
8 3 4 9 7 5 6 1 2
6 2 5 4 8 1 7 3 9
2 8 1 7 6 3 5 9 4
7 4 6 2 5 9 1 8 3
3 5 9 1 4 8 2 6 7
4 7 8 3 1 6 9 2 5
5 6 2 8 9 4 3 7 1
1 9 3 5 2 7 8 4 6


7 9 3 4 8 6 9 3 1 
4 2 7 4 5 6 7 2 2 
6 3 3 1 1 8 7 1 4 
8 2 7 8 5 2 3 9 5 
7 4 1 4 5 6 6 3 4 
2 2 3 9 4 5 8 4 6 
1 2 8 2 6 6 8 3 6 
7 5 1 5 9 5 9 8 7 
7 9 3 8 1 5 1 9 9 

2 8 7 9 1 5 4 3 6 5 3 9 4 2 6 8 1 7 1 6 4 3 8 7 9 2 5 7 4 8 6 3 9 2 5 1 9 1 3 7 5 2 6 8 4 6 2 5 1 4 8 7 9 3 3 5 2 8 6 4 1 7 9 8 7 6 5 9 1 3 4 2 4  9  1  2  7  3  5  6  8


6 1 2 5 9 8 4 7 3
4 8 7 6 2 3 5 9 1 
9 3 5 7 1 4 6 8 2 
7 4 8 9 5 1 3 2 6 
1 5 3 2 8 6 9 4 7 
2 9 6 3 4 7 1 5 8 
3 6 9 4 7 2 8 1 5
5 7 1 8 6 9 2 3 4 
8 2 4 1 3 5 7 6 9

